mean: 0.5170949871605461
split0: 0.47643549901362475
split1: 0.4889384492440939
split2: 0.5357128983039833
split3: 0.5761825682324785
split4: 0.50820552100855
