mean: 0.6202180438147495
split0: 0.6292656215296296
split1: 0.5864618001425067
split2: 0.6413590979007187
split3: 0.6154399375958199
split4: 0.6285637619050728
