mean: 0.6349575030926513
split0: 0.6381171338183682
split1: 0.6085675918162914
split2: 0.645916993522317
split3: 0.6375418967136608
split4: 0.644643899592619
