mean: 0.5049601134379745
split0: 0.5147222127616637
split1: 0.46777882369599133
split2: 0.49937433596060943
split3: 0.5599370049980241
split4: 0.48298818977358404
