mean: 0.6139998262358817
split0: 0.6124266509057598
split1: 0.5644143070020498
split2: 0.6412038438681493
split3: 0.619739286267101
split4: 0.6322150431363487
